m#node	C#node2vec-0	C#node2vec-1	C#node2vec-2	C#node2vec-3	C#node2vec-4	C#node2vec-5	C#node2vec-6	C#node2vec-7	C#node2vec-8	C#node2vec-9	C#node2vec-10	C#node2vec-11	C#node2vec-12	C#node2vec-13	C#node2vec-14	C#node2vec-15	C#node2vec-16	C#node2vec-17	C#node2vec-18	C#node2vec-19	C#node2vec-20	C#node2vec-21	C#node2vec-22	C#node2vec-23	C#node2vec-24	C#node2vec-25	C#node2vec-26	C#node2vec-27	C#node2vec-28	C#node2vec-29	C#node2vec-30	C#node2vec-31	cD#class
1	-0.15386412	-0.18430667	0.38832462	0.22589341	0.15796317	-0.11657712	0.43595284	-0.17248651	-0.060086492	-0.060158286	-0.07099407	-0.272851	0.068221435	-0.17983566	-0.16640131	0.020236362	-0.1932018	-0.012367572	0.2315298	0.4343594	0.017314045	0.21300319	0.6360717	-0.11444822	0.27018288	-0.064569235	-0.21137924	0.19423705	-0.071535766	-0.15820451	-0.23295319	-0.04365333	1
2	-0.33624738	-0.15201783	0.25344163	0.30035338	0.020315656	-0.08778385	0.5918543	-0.103225864	0.100111045	0.03913894	0.14327146	-0.08709916	0.19358684	-0.15454893	-0.2462062	0.029775877	-0.19796461	0.092501365	0.22089556	0.3618701	0.076185584	0.3041613	0.5228066	-0.23038733	0.29746163	-0.09297121	-0.021597115	0.15693706	-0.046339385	0.018870214	-0.24884894	0.08524614	1
3	-0.3364373	-0.21709014	0.21133865	0.36801177	-0.08725946	0.0083677	0.4936159	-0.013630446	0.082365684	-0.038818635	0.18928824	-0.15149248	0.06447911	-0.09578938	-0.23683096	-0.08478639	-0.15425377	0.017486423	0.084634915	0.20013514	0.15237896	0.35279498	0.43847346	-0.07600399	0.27883193	-0.06656662	-0.022459537	-0.004485676	-0.109145276	-0.056175116	-0.21927191	0.043385934	1
4	-0.39525953	-0.17590865	0.24486667	0.1529216	0.08939651	-0.0553031	0.65346545	-0.20083287	0.116584994	0.08245648	0.027277049	-0.17100777	0.16697995	-0.120665856	-0.19081636	0.03448531	-0.30632824	0.055343222	0.3093273	0.34715617	0.0420553	0.22312824	0.5794246	-0.2489951	0.3792967	-0.13963312	-0.086398214	0.047461774	-0.0031644884	-0.057608478	-0.31737587	0.054490067	1
5	-0.0014579457	-0.24506053	0.71764547	0.08966616	0.2064136	-0.13865656	0.26154324	-0.21366605	-0.2565875	-0.2682786	-0.21889055	-0.4132411	-0.099600956	-0.2976716	-0.06845226	-0.04375138	-0.27560994	-0.15519217	0.28637108	0.40049592	-0.01559417	0.04598136	0.75755394	0.008848515	0.29974055	0.062290274	-0.37285414	0.31577012	-0.11225393	-0.2973633	-0.2793663	-0.022029147	1
6	0.024971932	-0.23630238	0.7117477	0.1684946	0.25963533	-0.23462723	0.3084684	-0.17863946	-0.3434257	-0.36113223	-0.22776999	-0.4534342	-0.04176312	-0.35901034	-0.0015366642	0.014512158	-0.2847328	-0.17711568	0.40302733	0.49148843	-0.08887174	0.1288896	0.68851674	0.03486528	0.26517844	0.066029094	-0.34221846	0.443799	-0.12415032	-0.22526172	-0.17487685	-0.13021174	1
7	0.00791529	-0.085203804	0.82358396	0.17591166	0.15908934	-0.25124848	0.25155777	-0.09010101	-0.23737685	-0.3324414	-0.23167929	-0.40438738	-0.125474	-0.31115344	0.027870182	-0.0031269589	-0.26604605	-0.25293222	0.4569324	0.47299892	-0.013621269	0.061950434	0.7096371	0.029195901	0.19628327	0.10477114	-0.43632838	0.39785895	-0.08298923	-0.3140299	-0.17705928	-0.076791435	1
8	-0.40737274	-0.3121336	0.16204324	0.17033933	0.078614876	-0.0142747685	0.6585621	-0.12443235	0.076735675	0.044223078	0.16532692	-0.11338215	0.12597498	-0.19900899	-0.19727649	0.013800941	-0.20761587	0.0068711513	0.2507715	0.24278009	0.062244955	0.30183455	0.5090603	-0.15767774	0.36733073	-0.17236291	-0.08904938	0.13894586	-0.014153357	-0.028831825	-0.27542955	0.08663092	1
9	-0.23519927	-0.1225095	0.35863158	0.49700904	-0.13138768	0.048303798	0.22708045	0.034299947	0.047006223	-0.13877739	0.1739998	-0.17833468	0.04533269	-0.048259687	-0.22523504	-0.29148746	-0.13261783	-0.021028478	0.0016813301	0.2453323	0.19100215	0.33671835	0.4068971	-0.011239325	0.053028684	0.13307972	-0.077292904	-0.0664375	-0.17189726	-0.22145881	-0.056423243	0.039688922	2
10	-0.39477888	-0.13459276	0.24025291	0.5166987	-0.11938529	0.07994825	0.37808636	0.08399893	0.120304435	-0.046066087	0.30574635	-0.14191268	-0.006496737	0.003571542	-0.18454051	-0.32146436	-0.0577208	-0.019397778	-0.014988044	0.27691987	0.17748153	0.29926294	0.3849354	-0.029391084	0.07286209	0.035619438	0.017340766	-0.17881064	-0.1274153	-0.2616474	-0.008097929	0.07713459	2
11	-0.023043752	-0.15504228	0.78736186	0.10171051	0.16551822	-0.14988117	0.24516587	-0.1448813	-0.19318244	-0.24880148	-0.26007825	-0.43118748	-0.077527784	-0.33593097	0.05516668	-0.004020638	-0.28227788	-0.15669091	0.36759642	0.40879312	-0.016647838	0.022531392	0.78106743	0.023113273	0.27699623	0.06837652	-0.42825803	0.36748758	-0.10328693	-0.35527685	-0.27490368	-0.0827259	1
12	-0.22593862	-0.18449008	0.42469326	0.26167086	0.05827757	-0.13819712	0.57245266	-0.15397444	-0.09262103	-0.043151572	-0.08857348	-0.2753872	0.09026857	-0.21256202	-0.12570235	0.13961178	-0.19181804	-0.026184564	0.31544232	0.47619423	0.0375415	0.13031569	0.5536244	-0.10165172	0.30501363	-0.058910385	-0.116078444	0.29917803	-0.14023577	-0.03831832	-0.2604823	0.033823844	1
13	-0.35558778	-0.19632877	0.2836779	0.060084555	0.071768396	-0.036450945	0.82653177	-0.1973409	0.117893726	0.11812165	0.13204145	-0.17533113	0.11649367	-0.27702045	-0.24578321	0.21015461	-0.24939507	-0.028670106	0.40131205	0.3674446	0.1006026	0.22342274	0.58708066	-0.21001871	0.40857962	-0.22369581	-0.10355117	0.151385	-0.0057768365	0.014861452	-0.27153465	0.06080092	1
14	-0.29456377	-0.2128428	0.22747722	0.259296	0.03159809	-0.025924295	0.5716706	-0.0640948	0.014908259	-0.0018455237	0.15566365	-0.15792142	0.051667105	-0.17442815	-0.17772496	0.005622304	-0.12645613	-0.04518377	0.17304836	0.3459494	0.11133241	0.29785165	0.46628803	-0.094233125	0.26989222	-0.12846395	-0.113877356	0.109986596	-0.059673857	-0.08558741	-0.16663426	0.032600828	1
15	-0.32683554	-0.07797402	0.352395	0.65748197	-0.19728054	0.09796821	0.171751	0.15081422	0.10282703	-0.15042487	0.32695735	-0.20395905	-0.035690755	0.062390152	-0.2007809	-0.4112062	-0.034997392	-0.06338016	-0.09244167	0.24674861	0.28849638	0.36907306	0.36579987	0.0791957	-0.007223263	0.21876568	0.01575232	-0.2886565	-0.1807948	-0.32692146	0.09076211	0.042197365	2
16	-0.37011784	-0.08592792	0.32512122	0.56652653	-0.20530891	0.040916987	0.24119392	0.1404282	0.10531521	-0.1603165	0.31830359	-0.16371037	-0.017441375	0.010185892	-0.175483	-0.45323804	-0.06895664	-0.00947504	-0.027752196	0.16893688	0.22541916	0.35525224	0.35489818	0.065297164	0.021904172	0.16387191	-0.019563952	-0.21025693	-0.110541545	-0.35622934	0.043020513	0.058028083	2
17	0.08019955	-0.09093987	0.85920393	0.1360786	0.15431623	-0.28748986	0.13198343	-0.10068499	-0.32403558	-0.3984283	-0.32631898	-0.45362037	-0.13174549	-0.31204545	0.0007612405	-0.023574755	-0.30488765	-0.19073479	0.33369985	0.5289109	-0.0050072432	-0.016568199	0.8068255	-0.02864096	0.24348603	0.18348518	-0.47186002	0.3606896	-0.106937416	-0.38208327	-0.2498941	-0.07299624	1
18	-0.18723133	-0.18299818	0.33891714	0.3456789	0.08748794	-0.05420167	0.5600752	-0.23709643	-0.021686887	-0.033903778	0.022046644	-0.25085342	0.15069667	-0.21064974	-0.26885757	0.17540333	-0.18713233	-0.07164253	0.18603195	0.47624537	0.053820644	0.27540606	0.5490632	-0.15862039	0.28013813	-0.03378438	-0.09683211	0.1977865	-0.20752531	0.04942271	-0.2226067	0.018725753	1
19	-0.3939255	-0.12194262	0.26272494	0.5598354	-0.21433577	0.039072964	0.22507432	0.17822318	0.09478522	-0.11641707	0.28948784	-0.14830817	-0.06647355	0.015400497	-0.12936765	-0.44266504	-0.062309846	-0.0009744365	-0.057338614	0.15737005	0.25979525	0.33217388	0.36382446	0.027132325	0.10666364	0.1006893	0.004067571	-0.20869802	-0.057141077	-0.3694269	0.0240972	0.07724523	2
20	-0.29600036	-0.14553101	0.31305605	0.39942467	0.0052218693	-0.10050168	0.38834873	-0.06359617	-0.02137377	-0.12778363	0.070329785	-0.17031428	0.008515326	-0.047157668	-0.08156695	-0.13210733	-0.12976173	-0.0010897877	0.12738165	0.3751587	0.103724025	0.18105225	0.44230276	-0.07060336	0.19684315	-0.001756099	-0.048635483	0.019804183	-0.096210234	-0.20873348	-0.11036168	0.029494993	1
21	-0.3728908	0.0005884869	0.3289173	0.68550104	-0.25352943	0.06511145	0.18955545	0.12879568	0.15326512	-0.15181305	0.37774232	-0.1603303	-0.013888594	0.03163732	-0.22771189	-0.47418454	-0.05154222	-0.05451904	-0.048059184	0.21296716	0.29948646	0.36968824	0.33533657	0.0635338	-0.041710623	0.19180018	-0.010176616	-0.28094175	-0.13686092	-0.293761	0.075065516	0.091448285	2
22	-0.30319285	-0.24015102	0.24314682	0.27709728	0.09146503	-0.092969656	0.5423719	-0.15777491	0.046504196	-0.030242918	0.012093495	-0.16625836	0.16009274	-0.1553967	-0.23453385	0.047305398	-0.15913846	0.008474817	0.16911925	0.4173675	0.040318467	0.25703648	0.5168437	-0.12841101	0.35304704	-0.10790863	-0.104283944	0.19223352	-0.08365998	-0.0056069223	-0.3061191	0.07775397	1
23	-0.3712562	-0.047662675	0.30812103	0.7000896	-0.23509951	0.06891545	0.18319993	0.1999475	0.15781094	-0.17931162	0.3894543	-0.21451809	-0.049802326	0.077207305	-0.22411044	-0.44917214	-0.038478356	-0.05823621	-0.054725133	0.19778135	0.32333502	0.37100533	0.3247793	0.06876314	-0.049839273	0.23675416	0.030797902	-0.27840215	-0.16920888	-0.3378422	0.13227597	0.04179133	2
24	-0.35559392	-0.18953317	0.24815615	0.5070325	-0.1644837	-0.0018957685	0.25472328	0.29225174	-0.012179794	-0.20943278	0.40608904	-0.12796581	-0.15690646	0.055005528	0.04304763	-0.53956646	-0.057665814	0.017828781	-0.1043244	0.0032400626	0.27411598	0.28238183	0.4187946	0.16146636	0.2648096	0.05790858	0.07304603	-0.22817841	0.06399125	-0.49932787	-0.061384212	0.06538594	2
25	-0.48553905	-0.3799367	0.20603275	0.24044079	-0.15662237	-0.09303005	0.33495888	0.27563027	-0.066036575	-0.17245519	0.35253426	0.051542655	-0.21526001	-0.050100625	0.15388632	-0.5848782	-0.087557934	0.16847138	-0.08659309	-0.16967994	0.22129132	0.24406	0.4727255	0.16919601	0.56481093	-0.15115966	0.03846354	-0.121795505	0.27575323	-0.5775361	-0.27448678	0.08962233	2
26	-0.48381844	-0.32478452	0.2824263	0.23097269	-0.17531988	-0.057653517	0.29065564	0.36869103	-0.07942101	-0.23824191	0.2925062	0.0267149	-0.24009049	-0.051439982	0.28356916	-0.6500874	-0.08684986	0.16745351	-0.17343497	-0.16042064	0.19002894	0.2412642	0.43156692	0.14872594	0.5518739	-0.17669153	0.034851134	-0.114330545	0.2668175	-0.6748655	-0.16257684	0.09950346	2
27	-0.3745732	-0.02501072	0.20070605	0.76668197	-0.20718008	0.07823215	0.35086772	0.23282509	-0.035948317	-0.14029938	0.4351522	-0.26393273	-0.017985944	0.115680665	-0.01530248	-0.39250165	0.012301866	-0.040342085	-0.16177246	0.18919924	0.25819024	0.3704203	0.3408446	0.054831516	0.034604456	0.1773901	0.1657189	-0.3367533	-0.1536349	-0.39368302	0.1549558	-0.019693933	2
28	-0.4124305	-0.26997092	0.27758414	0.29331306	-0.11584945	-0.07334173	0.3724725	0.17499343	-0.04405513	-0.16968697	0.25392017	-0.055494573	-0.14936677	-0.04053754	0.12862088	-0.46054924	-0.017591111	0.09374326	-0.05460997	0.19687979	0.13665667	0.18776172	0.39239857	-0.004677938	0.28510982	-0.11133695	0.061615814	-0.14086658	0.10077401	-0.51891804	-0.12628676	0.08707086	2
29	-0.39679047	-0.22168037	0.2571673	0.38610503	-0.1352743	0.0075447476	0.38546133	0.13851348	0.06412761	-0.067173205	0.22831349	-0.06278886	-0.07215018	-0.059741717	-0.026633896	-0.4203747	-0.024560774	0.032073475	0.007263155	0.0855857	0.20639554	0.26376683	0.42242426	0.060442016	0.26280925	-0.11486389	0.008577738	-0.09780344	0.08200031	-0.38670328	-0.09886066	0.11198378	2
30	-0.28990468	-0.09824002	0.36541	0.6975225	-0.28809273	0.06432658	0.24477415	0.24131261	0.01800383	-0.19932275	0.33330444	-0.22502713	-0.16781664	0.074570924	-0.015341324	-0.39148867	0.09026756	-0.09223815	-0.18773116	0.22965266	0.27644485	0.32264182	0.35222837	0.10776622	0.091218695	0.15052098	0.12475297	-0.28428528	-0.13607754	-0.41064534	0.08763877	0.038931288	2
31	-0.27992627	-0.10020173	0.31983027	0.5941534	-0.13546205	-0.006219114	0.25023645	-0.013043544	0.1097438	-0.10721904	0.25540453	-0.19537069	0.12534171	-0.07580279	-0.34571582	-0.22415382	-0.108615085	-0.035508543	-0.028591795	0.29031986	0.21520402	0.4130803	0.3776096	-0.032894175	0.008216334	0.16368563	-0.08468771	-0.066472165	-0.22938882	-0.08872362	-0.0562816	0.031189349	2
32	-0.43891886	-0.32728976	0.25546962	0.24954468	-0.04896816	-0.065453	0.22363657	0.17663683	0.01592414	-0.13538587	0.17069061	-0.013916281	-0.050775163	0.0023076334	0.05018286	-0.5031982	-0.21281298	0.20319901	-0.07287048	0.013699899	0.20342563	0.2322013	0.48996595	0.005498712	0.43627897	-0.028686628	-0.06748731	-0.14905325	0.12769625	-0.5103931	-0.2343506	0.048293054	2
33	-0.38609493	-0.05586678	0.22569822	0.69153035	-0.28920326	0.16639888	0.31553465	0.2616657	0.08103934	-0.14713141	0.43005458	-0.22809607	0.044516787	-0.0073762233	-0.23076528	-0.44177932	-0.041682146	-0.072399125	-0.06906835	0.09512903	0.22528476	0.4553531	0.35425323	0.062010754	-0.021085747	0.17074445	0.0036000598	-0.15340015	-0.21781135	-0.27960622	0.18738732	0.04895209	2
34	-0.29305172	-0.122021176	0.22463599	0.63040024	-0.29438826	0.00012635443	0.35282537	0.26035628	-0.037813276	-0.14538082	0.33934018	-0.2589418	-0.06640311	0.031338222	-0.17659539	-0.22918181	0.026857495	-0.05392803	-0.13271329	0.06317015	0.25579867	0.38544634	0.38329685	0.088369	0.16906166	0.07732727	0.02511301	-0.03073847	-0.24795873	-0.24608883	-0.02830974	-0.017366888	2
